Waypoints_Num: 4
Waypoint_1:
  Type: Waypoint
  Name: 1
  Pos_x: 2.22335
  Pos_y: 4.6224
  Pos_z: 0
  Ori_x: 0
  Ori_y: 0
  Ori_z: 0.277817
  Ori_w: 0.960634
Waypoint_2:
  Type: Waypoint
  Name: 2
  Pos_x: 5.34186
  Pos_y: -5.577
  Pos_z: 0
  Ori_x: 0
  Ori_y: 0
  Ori_z: -0.647771
  Ori_w: 0.761835
Waypoint_3:
  Type: Waypoint
  Name: 3
  Pos_x: 7.56378
  Pos_y: -7.96001
  Pos_z: 0
  Ori_x: 0
  Ori_y: 0
  Ori_z: 0.0166405
  Ori_w: 0.999862
Waypoint_4:
  Type: Waypoint
  Name: 4
  Pos_x: 1.54416
  Pos_y: -1.42821
  Pos_z: 0
  Ori_x: 0
  Ori_y: 0
  Ori_z: 0.810401
  Ori_w: 0.585876